401,391
402,391
404,391
398,392
399,392
400,392
401,392
402,392
403,392
404,392
405,392
406,392
407,392
397,393
398,393
399,393
400,393
401,393
402,393
403,393
404,393
405,393
406,393
407,393
408,393
409,393
395,394
396,394
397,394
398,394
399,394
400,394
401,394
402,394
403,394
404,394
405,394
406,394
407,394
408,394
409,394
410,394
394,395
395,395
396,395
397,395
398,395
399,395
400,395
401,395
402,395
403,395
404,395
405,395
406,395
407,395
408,395
409,395
410,395
394,396
395,396
396,396
397,396
398,396
399,396
400,396
401,396
402,396
403,396
404,396
405,396
406,396
407,396
408,396
409,396
410,396
411,396
393,397
394,397
395,397
396,397
397,397
398,397
399,397
400,397
401,397
402,397
403,397
404,397
405,397
406,397
407,397
408,397
409,397
410,397
411,397
393,398
394,398
395,398
396,398
397,398
398,398
399,398
400,398
401,398
402,398
403,398
404,398
405,398
406,398
407,398
408,398
409,398
410,398
411,398
393,399
394,399
395,399
396,399
397,399
398,399
399,399
400,399
401,399
402,399
403,399
404,399
405,399
406,399
407,399
408,399
409,399
410,399
411,399
412,399
392,400
393,400
394,400
395,400
396,400
397,400
398,400
399,400
400,400
401,400
402,400
403,400
404,400
405,400
406,400
407,400
408,400
409,400
410,400
411,400
393,401
394,401
395,401
396,401
397,401
398,401
399,401
400,401
401,401
402,401
403,401
404,401
405,401
406,401
407,401
408,401
409,401
410,401
411,401
393,402
394,402
395,402
396,402
397,402
398,402
399,402
400,402
401,402
402,402
403,402
404,402
405,402
406,402
407,402
408,402
409,402
410,402
411,402
393,403
394,403
395,403
396,403
397,403
398,403
399,403
400,403
401,403
402,403
403,403
404,403
405,403
406,403
407,403
408,403
409,403
410,403
394,404
395,404
396,404
397,404
398,404
399,404
400,404
401,404
402,404
403,404
404,404
405,404
406,404
407,404
408,404
409,404
410,404
394,405
395,405
396,405
397,405
398,405
399,405
400,405
401,405
402,405
403,405
404,405
405,405
406,405
407,405
408,405
409,405
395,406
396,406
397,406
398,406
399,406
400,406
401,406
402,406
403,406
404,406
405,406
406,406
407,406
397,407
398,407
399,407
400,407
401,407
402,407
403,407
404,407
405,407
406,407
400,408
402,408
403,408
404,391
405,391
406,391
407,391
408,391
401,392
402,392
403,392
404,392
405,392
406,392
407,392
408,392
409,392
410,392
411,392
399,393
400,393
401,393
402,393
403,393
404,393
405,393
406,393
407,393
408,393
409,393
410,393
411,393
412,393
413,393
398,394
399,394
400,394
401,394
402,394
403,394
404,394
405,394
406,394
407,394
408,394
409,394
410,394
411,394
412,394
413,394
414,394
398,395
399,395
400,395
401,395
402,395
403,395
404,395
405,395
406,395
407,395
408,395
409,395
410,395
411,395
412,395
413,395
414,395
397,396
398,396
399,396
400,396
401,396
402,396
403,396
404,396
405,396
406,396
407,396
408,396
409,396
410,396
411,396
412,396
413,396
414,396
415,396
397,397
398,397
399,397
400,397
401,397
402,397
403,397
404,397
405,397
406,397
407,397
408,397
409,397
410,397
411,397
412,397
413,397
414,397
415,397
397,398
398,398
399,398
400,398
401,398
402,398
403,398
404,398
405,398
406,398
407,398
408,398
409,398
410,398
411,398
412,398
413,398
414,398
415,398
396,399
397,399
398,399
399,399
400,399
401,399
402,399
403,399
404,399
405,399
406,399
407,399
408,399
409,399
410,399
411,399
412,399
413,399
414,399
415,399
416,399
397,400
398,400
399,400
400,400
401,400
402,400
403,400
404,400
405,400
406,400
407,400
408,400
409,400
410,400
411,400
412,400
413,400
414,400
415,400
397,401
398,401
399,401
400,401
401,401
402,401
403,401
404,401
405,401
406,401
407,401
408,401
409,401
410,401
411,401
412,401
413,401
414,401
415,401
397,402
398,402
399,402
400,402
401,402
402,402
403,402
404,402
405,402
406,402
407,402
408,402
409,402
410,402
411,402
412,402
413,402
414,402
415,402
398,403
399,403
400,403
401,403
402,403
403,403
404,403
405,403
406,403
407,403
408,403
409,403
410,403
411,403
412,403
413,403
414,403
398,404
399,404
400,404
401,404
402,404
403,404
404,404
405,404
406,404
407,404
408,404
409,404
410,404
411,404
412,404
413,404
414,404
399,405
400,405
401,405
402,405
403,405
404,405
405,405
406,405
407,405
408,405
409,405
410,405
411,405
412,405
413,405
401,406
402,406
403,406
404,406
405,406
406,406
407,406
408,406
409,406
410,406
411,406
404,407
405,407
406,407
407,407
408,407
408,391
409,391
410,391
411,391
412,391
405,392
406,392
407,392
408,392
409,392
410,392
411,392
412,392
413,392
414,392
415,392
403,393
404,393
405,393
406,393
407,393
408,393
409,393
410,393
411,393
412,393
413,393
414,393
415,393
416,393
417,393
402,394
403,394
404,394
405,394
406,394
407,394
408,394
409,394
410,394
411,394
412,394
413,394
414,394
415,394
416,394
417,394
418,394
402,395
403,395
404,395
405,395
406,395
407,395
408,395
409,395
410,395
411,395
412,395
413,395
414,395
415,395
416,395
417,395
418,395
401,396
402,396
403,396
404,396
405,396
406,396
407,396
408,396
409,396
410,396
411,396
412,396
413,396
414,396
415,396
416,396
417,396
418,396
419,396
401,397
402,397
403,397
404,397
405,397
406,397
407,397
408,397
409,397
410,397
411,397
412,397
413,397
414,397
415,397
416,397
417,397
418,397
419,397
401,398
402,398
403,398
404,398
405,398
406,398
407,398
408,398
409,398
410,398
411,398
412,398
413,398
414,398
415,398
416,398
417,398
418,398
419,398
400,399
401,399
402,399
403,399
404,399
405,399
406,399
407,399
408,399
409,399
410,399
411,399
412,399
413,399
414,399
415,399
416,399
417,399
418,399
419,399
420,399
401,400
402,400
403,400
404,400
405,400
406,400
407,400
408,400
409,400
410,400
411,400
412,400
413,400
414,400
415,400
416,400
417,400
418,400
419,400
401,401
402,401
403,401
404,401
405,401
406,401
407,401
408,401
409,401
410,401
411,401
412,401
413,401
414,401
415,401
416,401
417,401
418,401
419,401
401,402
402,402
403,402
404,402
405,402
406,402
407,402
408,402
409,402
410,402
411,402
412,402
413,402
414,402
415,402
416,402
417,402
418,402
419,402
402,403
403,403
404,403
405,403
406,403
407,403
408,403
409,403
410,403
411,403
412,403
413,403
414,403
415,403
416,403
417,403
418,403
402,404
403,404
404,404
405,404
406,404
407,404
408,404
409,404
410,404
411,404
412,404
413,404
414,404
415,404
416,404
417,404
418,404
403,405
404,405
405,405
406,405
407,405
408,405
409,405
410,405
411,405
412,405
413,405
414,405
415,405
416,405
417,405
405,406
406,406
407,406
408,406
409,406
410,406
411,406
412,406
413,406
414,406
415,406
408,407
409,407
410,407
411,407
412,407
412,391
413,391
414,391
415,391
416,391
409,392
410,392
411,392
412,392
413,392
414,392
415,392
416,392
417,392
418,392
419,392
407,393
408,393
409,393
410,393
411,393
412,393
413,393
414,393
415,393
416,393
417,393
418,393
419,393
420,393
421,393
406,394
407,394
408,394
409,394
410,394
411,394
412,394
413,394
414,394
415,394
416,394
417,394
418,394
419,394
420,394
421,394
422,394
406,395
407,395
408,395
409,395
410,395
411,395
412,395
413,395
414,395
415,395
416,395
417,395
418,395
419,395
420,395
421,395
422,395
405,396
406,396
407,396
408,396
409,396
410,396
411,396
412,396
413,396
414,396
415,396
416,396
417,396
418,396
419,396
420,396
421,396
422,396
423,396
405,397
406,397
407,397
408,397
409,397
410,397
411,397
412,397
413,397
414,397
415,397
416,397
417,397
418,397
419,397
420,397
421,397
422,397
423,397
405,398
406,398
407,398
408,398
409,398
410,398
411,398
412,398
413,398
414,398
415,398
416,398
417,398
418,398
419,398
420,398
421,398
422,398
423,398
404,399
405,399
406,399
407,399
408,399
409,399
410,399
411,399
412,399
413,399
414,399
415,399
416,399
417,399
418,399
419,399
420,399
421,399
422,399
423,399
424,399
405,400
406,400
407,400
408,400
409,400
410,400
411,400
412,400
413,400
414,400
415,400
416,400
417,400
418,400
419,400
420,400
421,400
422,400
423,400
405,401
406,401
407,401
408,401
409,401
410,401
411,401
412,401
413,401
414,401
415,401
416,401
417,401
418,401
419,401
420,401
421,401
422,401
423,401
405,402
406,402
407,402
408,402
409,402
410,402
411,402
412,402
413,402
414,402
415,402
416,402
417,402
418,402
419,402
420,402
421,402
422,402
423,402
406,403
407,403
408,403
409,403
410,403
411,403
412,403
413,403
414,403
415,403
416,403
417,403
418,403
419,403
420,403
421,403
422,403
406,404
407,404
408,404
409,404
410,404
411,404
412,404
413,404
414,404
415,404
416,404
417,404
418,404
419,404
420,404
421,404
422,404
407,405
408,405
409,405
410,405
411,405
412,405
413,405
414,405
415,405
416,405
417,405
418,405
419,405
420,405
421,405
409,406
410,406
411,406
412,406
413,406
414,406
415,406
416,406
417,406
418,406
419,406
412,407
413,407
414,407
415,407
416,407
416,391
417,391
418,391
419,391
420,391
421,391
413,392
414,392
415,392
416,392
417,392
418,392
419,392
420,392
421,392
422,392
423,392
424,392
411,393
412,393
413,393
414,393
415,393
416,393
417,393
418,393
419,393
420,393
421,393
422,393
423,393
424,393
425,393
426,393
410,394
411,394
412,394
413,394
414,394
415,394
416,394
417,394
418,394
419,394
420,394
421,394
422,394
423,394
424,394
425,394
426,394
427,394
410,395
411,395
412,395
413,395
414,395
415,395
416,395
417,395
418,395
419,395
420,395
421,395
422,395
423,395
424,395
425,395
426,395
427,395
409,396
410,396
411,396
412,396
413,396
414,396
415,396
416,396
417,396
418,396
419,396
420,396
421,396
422,396
423,396
424,396
425,396
426,396
427,396
428,396
409,397
410,397
411,397
412,397
413,397
414,397
415,397
416,397
417,397
418,397
419,397
420,397
421,397
422,397
423,397
424,397
425,397
426,397
427,397
428,397
409,398
410,398
411,398
412,398
413,398
414,398
415,398
416,398
417,398
418,398
419,398
420,398
421,398
422,398
423,398
424,398
425,398
426,398
427,398
428,398
408,399
409,399
410,399
411,399
412,399
413,399
414,399
415,399
416,399
417,399
418,399
419,399
420,399
421,399
422,399
423,399
424,399
425,399
426,399
427,399
428,399
429,399
409,400
410,400
411,400
412,400
413,400
414,400
415,400
416,400
417,400
418,400
419,400
420,400
421,400
422,400
423,400
424,400
425,400
426,400
427,400
428,400
409,401
410,401
411,401
412,401
413,401
414,401
415,401
416,401
417,401
418,401
419,401
420,401
421,401
422,401
423,401
424,401
425,401
426,401
427,401
428,401
409,402
410,402
411,402
412,402
413,402
414,402
415,402
416,402
417,402
418,402
419,402
420,402
421,402
422,402
423,402
424,402
425,402
426,402
427,402
428,402
410,403
411,403
412,403
413,403
414,403
415,403
416,403
417,403
418,403
419,403
420,403
421,403
422,403
423,403
424,403
425,403
426,403
427,403
410,404
411,404
412,404
413,404
414,404
415,404
416,404
417,404
418,404
419,404
420,404
421,404
422,404
423,404
424,404
425,404
426,404
427,404
411,405
412,405
413,405
414,405
415,405
416,405
417,405
418,405
419,405
420,405
421,405
422,405
423,405
424,405
425,405
426,405
413,406
414,406
415,406
416,406
417,406
418,406
419,406
420,406
421,406
422,406
423,406
424,406
416,407
417,407
418,407
419,407
420,407
421,407
421,391
422,391
423,391
424,391
425,391
418,392
419,392
420,392
421,392
422,392
423,392
424,392
425,392
426,392
427,392
428,392
416,393
417,393
418,393
419,393
420,393
421,393
422,393
423,393
424,393
425,393
426,393
427,393
428,393
429,393
430,393
415,394
416,394
417,394
418,394
419,394
420,394
421,394
422,394
423,394
424,394
425,394
426,394
427,394
428,394
429,394
430,394
431,394
415,395
416,395
417,395
418,395
419,395
420,395
421,395
422,395
423,395
424,395
425,395
426,395
427,395
428,395
429,395
430,395
431,395
414,396
415,396
416,396
417,396
418,396
419,396
420,396
421,396
422,396
423,396
424,396
425,396
426,396
427,396
428,396
429,396
430,396
431,396
432,396
414,397
415,397
416,397
417,397
418,397
419,397
420,397
421,397
422,397
423,397
424,397
425,397
426,397
427,397
428,397
429,397
430,397
431,397
432,397
414,398
415,398
416,398
417,398
418,398
419,398
420,398
421,398
422,398
423,398
424,398
425,398
426,398
427,398
428,398
429,398
430,398
431,398
432,398
413,399
414,399
415,399
416,399
417,399
418,399
419,399
420,399
421,399
422,399
423,399
424,399
425,399
426,399
427,399
428,399
429,399
430,399
431,399
432,399
433,399
414,400
415,400
416,400
417,400
418,400
419,400
420,400
421,400
422,400
423,400
424,400
425,400
426,400
427,400
428,400
429,400
430,400
431,400
432,400
414,401
415,401
416,401
417,401
418,401
419,401
420,401
421,401
422,401
423,401
424,401
425,401
426,401
427,401
428,401
429,401
430,401
431,401
432,401
414,402
415,402
416,402
417,402
418,402
419,402
420,402
421,402
422,402
423,402
424,402
425,402
426,402
427,402
428,402
429,402
430,402
431,402
432,402
415,403
416,403
417,403
418,403
419,403
420,403
421,403
422,403
423,403
424,403
425,403
426,403
427,403
428,403
429,403
430,403
431,403
415,404
416,404
417,404
418,404
419,404
420,404
421,404
422,404
423,404
424,404
425,404
426,404
427,404
428,404
429,404
430,404
431,404
416,405
417,405
418,405
419,405
420,405
421,405
422,405
423,405
424,405
425,405
426,405
427,405
428,405
429,405
430,405
418,406
419,406
420,406
421,406
422,406
423,406
424,406
425,406
426,406
427,406
428,406
421,407
422,407
423,407
424,407
425,407
425,391
426,391
427,391
428,391
429,391
422,392
423,392
424,392
425,392
426,392
427,392
428,392
429,392
430,392
431,392
432,392
420,393
421,393
422,393
423,393
424,393
425,393
426,393
427,393
428,393
429,393
430,393
431,393
432,393
433,393
434,393
419,394
420,394
421,394
422,394
423,394
424,394
425,394
426,394
427,394
428,394
429,394
430,394
431,394
432,394
433,394
434,394
435,394
419,395
420,395
421,395
422,395
423,395
424,395
425,395
426,395
427,395
428,395
429,395
430,395
431,395
432,395
433,395
434,395
435,395
418,396
419,396
420,396
421,396
422,396
423,396
424,396
425,396
426,396
427,396
428,396
429,396
430,396
431,396
432,396
433,396
434,396
435,396
436,396
418,397
419,397
420,397
421,397
422,397
423,397
424,397
425,397
426,397
427,397
428,397
429,397
430,397
431,397
432,397
433,397
434,397
435,397
436,397
418,398
419,398
420,398
421,398
422,398
423,398
424,398
425,398
426,398
427,398
428,398
429,398
430,398
431,398
432,398
433,398
434,398
435,398
436,398
417,399
418,399
419,399
420,399
421,399
422,399
423,399
424,399
425,399
426,399
427,399
428,399
429,399
430,399
431,399
432,399
433,399
434,399
435,399
436,399
437,399
418,400
419,400
420,400
421,400
422,400
423,400
424,400
425,400
426,400
427,400
428,400
429,400
430,400
431,400
432,400
433,400
434,400
435,400
436,400
418,401
419,401
420,401
421,401
422,401
423,401
424,401
425,401
426,401
427,401
428,401
429,401
430,401
431,401
432,401
433,401
434,401
435,401
436,401
418,402
419,402
420,402
421,402
422,402
423,402
424,402
425,402
426,402
427,402
428,402
429,402
430,402
431,402
432,402
433,402
434,402
435,402
436,402
419,403
420,403
421,403
422,403
423,403
424,403
425,403
426,403
427,403
428,403
429,403
430,403
431,403
432,403
433,403
434,403
435,403
419,404
420,404
421,404
422,404
423,404
424,404
425,404
426,404
427,404
428,404
429,404
430,404
431,404
432,404
433,404
434,404
435,404
420,405
421,405
422,405
423,405
424,405
425,405
426,405
427,405
428,405
429,405
430,405
431,405
432,405
433,405
434,405
422,406
423,406
424,406
425,406
426,406
427,406
428,406
429,406
430,406
431,406
432,406
425,407
426,407
427,407
428,407
429,407
429,391
430,391
431,391
432,391
433,391
426,392
427,392
428,392
429,392
430,392
431,392
432,392
433,392
434,392
435,392
436,392
424,393
425,393
426,393
427,393
428,393
429,393
430,393
431,393
432,393
433,393
434,393
435,393
436,393
437,393
438,393
423,394
424,394
425,394
426,394
427,394
428,394
429,394
430,394
431,394
432,394
433,394
434,394
435,394
436,394
437,394
438,394
439,394
423,395
424,395
425,395
426,395
427,395
428,395
429,395
430,395
431,395
432,395
433,395
434,395
435,395
436,395
437,395
438,395
439,395
422,396
423,396
424,396
425,396
426,396
427,396
428,396
429,396
430,396
431,396
432,396
433,396
434,396
435,396
436,396
437,396
438,396
439,396
440,396
422,397
423,397
424,397
425,397
426,397
427,397
428,397
429,397
430,397
431,397
432,397
433,397
434,397
435,397
436,397
437,397
438,397
439,397
440,397
422,398
423,398
424,398
425,398
426,398
427,398
428,398
429,398
430,398
431,398
432,398
433,398
434,398
435,398
436,398
437,398
438,398
439,398
440,398
421,399
422,399
423,399
424,399
425,399
426,399
427,399
428,399
429,399
430,399
431,399
432,399
433,399
434,399
435,399
436,399
437,399
438,399
439,399
440,399
441,399
422,400
423,400
424,400
425,400
426,400
427,400
428,400
429,400
430,400
431,400
432,400
433,400
434,400
435,400
436,400
437,400
438,400
439,400
440,400
422,401
423,401
424,401
425,401
426,401
427,401
428,401
429,401
430,401
431,401
432,401
433,401
434,401
435,401
436,401
437,401
438,401
439,401
440,401
422,402
423,402
424,402
425,402
426,402
427,402
428,402
429,402
430,402
431,402
432,402
433,402
434,402
435,402
436,402
437,402
438,402
439,402
440,402
423,403
424,403
425,403
426,403
427,403
428,403
429,403
430,403
431,403
432,403
433,403
434,403
435,403
436,403
437,403
438,403
439,403
423,404
424,404
425,404
426,404
427,404
428,404
429,404
430,404
431,404
432,404
433,404
434,404
435,404
436,404
437,404
438,404
439,404
424,405
425,405
426,405
427,405
428,405
429,405
430,405
431,405
432,405
433,405
434,405
435,405
436,405
437,405
438,405
426,406
427,406
428,406
429,406
430,406
431,406
432,406
433,406
434,406
435,406
436,406
429,407
430,407
431,407
432,407
433,407
433,391
434,391
435,391
436,391
437,391
438,391
430,392
431,392
432,392
433,392
434,392
435,392
436,392
437,392
438,392
439,392
440,392
441,392
428,393
429,393
430,393
431,393
432,393
433,393
434,393
435,393
436,393
437,393
438,393
439,393
440,393
441,393
442,393
443,393
427,394
428,394
429,394
430,394
431,394
432,394
433,394
434,394
435,394
436,394
437,394
438,394
439,394
440,394
441,394
442,394
443,394
444,394
427,395
428,395
429,395
430,395
431,395
432,395
433,395
434,395
435,395
436,395
437,395
438,395
439,395
440,395
441,395
442,395
443,395
444,395
426,396
427,396
428,396
429,396
430,396
431,396
432,396
433,396
434,396
435,396
436,396
437,396
438,396
439,396
440,396
441,396
442,396
443,396
444,396
445,396
426,397
427,397
428,397
429,397
430,397
431,397
432,397
433,397
434,397
435,397
436,397
437,397
438,397
439,397
440,397
441,397
442,397
443,397
444,397
445,397
426,398
427,398
428,398
429,398
430,398
431,398
432,398
433,398
434,398
435,398
436,398
437,398
438,398
439,398
440,398
441,398
442,398
443,398
444,398
445,398
425,399
426,399
427,399
428,399
429,399
430,399
431,399
432,399
433,399
434,399
435,399
436,399
437,399
438,399
439,399
440,399
441,399
442,399
443,399
444,399
445,399
446,399
426,400
427,400
428,400
429,400
430,400
431,400
432,400
433,400
434,400
435,400
436,400
437,400
438,400
439,400
440,400
441,400
442,400
443,400
444,400
445,400
426,401
427,401
428,401
429,401
430,401
431,401
432,401
433,401
434,401
435,401
436,401
437,401
438,401
439,401
440,401
441,401
442,401
443,401
444,401
445,401
426,402
427,402
428,402
429,402
430,402
431,402
432,402
433,402
434,402
435,402
436,402
437,402
438,402
439,402
440,402
441,402
442,402
443,402
444,402
445,402
427,403
428,403
429,403
430,403
431,403
432,403
433,403
434,403
435,403
436,403
437,403
438,403
439,403
440,403
441,403
442,403
443,403
444,403
427,404
428,404
429,404
430,404
431,404
432,404
433,404
434,404
435,404
436,404
437,404
438,404
439,404
440,404
441,404
442,404
443,404
444,404
428,405
429,405
430,405
431,405
432,405
433,405
434,405
435,405
436,405
437,405
438,405
439,405
440,405
441,405
442,405
443,405
430,406
431,406
432,406
433,406
434,406
435,406
436,406
437,406
438,406
439,406
440,406
441,406
433,407
434,407
435,407
436,407
437,407
438,407
438,391
439,391
440,391
441,391
442,391
435,392
436,392
437,392
438,392
439,392
440,392
441,392
442,392
443,392
444,392
445,392
433,393
434,393
435,393
436,393
437,393
438,393
439,393
440,393
441,393
442,393
443,393
444,393
445,393
446,393
447,393
432,394
433,394
434,394
435,394
436,394
437,394
438,394
439,394
440,394
441,394
442,394
443,394
444,394
445,394
446,394
447,394
448,394
432,395
433,395
434,395
435,395
436,395
437,395
438,395
439,395
440,395
441,395
442,395
443,395
444,395
445,395
446,395
447,395
448,395
431,396
432,396
433,396
434,396
435,396
436,396
437,396
438,396
439,396
440,396
441,396
442,396
443,396
444,396
445,396
446,396
447,396
448,396
449,396
431,397
432,397
433,397
434,397
435,397
436,397
437,397
438,397
439,397
440,397
441,397
442,397
443,397
444,397
445,397
446,397
447,397
448,397
449,397
431,398
432,398
433,398
434,398
435,398
436,398
437,398
438,398
439,398
440,398
441,398
442,398
443,398
444,398
445,398
446,398
447,398
448,398
449,398
430,399
431,399
432,399
433,399
434,399
435,399
436,399
437,399
438,399
439,399
440,399
441,399
442,399
443,399
444,399
445,399
446,399
447,399
448,399
449,399
450,399
431,400
432,400
433,400
434,400
435,400
436,400
437,400
438,400
439,400
440,400
441,400
442,400
443,400
444,400
445,400
446,400
447,400
448,400
449,400
431,401
432,401
433,401
434,401
435,401
436,401
437,401
438,401
439,401
440,401
441,401
442,401
443,401
444,401
445,401
446,401
447,401
448,401
449,401
431,402
432,402
433,402
434,402
435,402
436,402
437,402
438,402
439,402
440,402
441,402
442,402
443,402
444,402
445,402
446,402
447,402
448,402
449,402
432,403
433,403
434,403
435,403
436,403
437,403
438,403
439,403
440,403
441,403
442,403
443,403
444,403
445,403
446,403
447,403
448,403
432,404
433,404
434,404
435,404
436,404
437,404
438,404
439,404
440,404
441,404
442,404
443,404
444,404
445,404
446,404
447,404
448,404
433,405
434,405
435,405
436,405
437,405
438,405
439,405
440,405
441,405
442,405
443,405
444,405
445,405
446,405
447,405
435,406
436,406
437,406
438,406
439,406
440,406
441,406
442,406
443,406
444,406
445,406
438,407
439,407
440,407
441,407
442,407
442,391
443,391
444,391
445,391
446,391
439,392
440,392
441,392
442,392
443,392
444,392
445,392
446,392
447,392
448,392
449,392
437,393
438,393
439,393
440,393
441,393
442,393
443,393
444,393
445,393
446,393
447,393
448,393
449,393
450,393
451,393
436,394
437,394
438,394
439,394
440,394
441,394
442,394
443,394
444,394
445,394
446,394
447,394
448,394
449,394
450,394
451,394
452,394
436,395
437,395
438,395
439,395
440,395
441,395
442,395
443,395
444,395
445,395
446,395
447,395
448,395
449,395
450,395
451,395
452,395
435,396
436,396
437,396
438,396
439,396
440,396
441,396
442,396
443,396
444,396
445,396
446,396
447,396
448,396
449,396
450,396
451,396
452,396
453,396
435,397
436,397
437,397
438,397
439,397
440,397
441,397
442,397
443,397
444,397
445,397
446,397
447,397
448,397
449,397
450,397
451,397
452,397
453,397
435,398
436,398
437,398
438,398
439,398
440,398
441,398
442,398
443,398
444,398
445,398
446,398
447,398
448,398
449,398
450,398
451,398
452,398
453,398
434,399
435,399
436,399
437,399
438,399
439,399
440,399
441,399
442,399
443,399
444,399
445,399
446,399
447,399
448,399
449,399
450,399
451,399
452,399
453,399
454,399
435,400
436,400
437,400
438,400
439,400
440,400
441,400
442,400
443,400
444,400
445,400
446,400
447,400
448,400
449,400
450,400
451,400
452,400
453,400
435,401
436,401
437,401
438,401
439,401
440,401
441,401
442,401
443,401
444,401
445,401
446,401
447,401
448,401
449,401
450,401
451,401
452,401
453,401
435,402
436,402
437,402
438,402
439,402
440,402
441,402
442,402
443,402
444,402
445,402
446,402
447,402
448,402
449,402
450,402
451,402
452,402
453,402
436,403
437,403
438,403
439,403
440,403
441,403
442,403
443,403
444,403
445,403
446,403
447,403
448,403
449,403
450,403
451,403
452,403
436,404
437,404
438,404
439,404
440,404
441,404
442,404
443,404
444,404
445,404
446,404
447,404
448,404
449,404
450,404
451,404
452,404
437,405
438,405
439,405
440,405
441,405
442,405
443,405
444,405
445,405
446,405
447,405
448,405
449,405
450,405
451,405
439,406
440,406
441,406
442,406
443,406
444,406
445,406
446,406
447,406
448,406
449,406
442,407
443,407
444,407
445,407
446,407
446,391
448,391
449,391
443,392
444,392
445,392
446,392
447,392
448,392
449,392
450,392
451,392
452,392
441,393
442,393
443,393
444,393
445,393
446,393
447,393
448,393
449,393
450,393
451,393
452,393
453,393
440,394
441,394
442,394
443,394
444,394
445,394
446,394
447,394
448,394
449,394
450,394
451,394
452,394
453,394
454,394
455,394
440,395
441,395
442,395
443,395
444,395
445,395
446,395
447,395
448,395
449,395
450,395
451,395
452,395
453,395
454,395
455,395
456,395
439,396
440,396
441,396
442,396
443,396
444,396
445,396
446,396
447,396
448,396
449,396
450,396
451,396
452,396
453,396
454,396
455,396
456,396
439,397
440,397
441,397
442,397
443,397
444,397
445,397
446,397
447,397
448,397
449,397
450,397
451,397
452,397
453,397
454,397
455,397
456,397
457,397
439,398
440,398
441,398
442,398
443,398
444,398
445,398
446,398
447,398
448,398
449,398
450,398
451,398
452,398
453,398
454,398
455,398
456,398
457,398
438,399
439,399
440,399
441,399
442,399
443,399
444,399
445,399
446,399
447,399
448,399
449,399
450,399
451,399
452,399
453,399
454,399
455,399
456,399
457,399
439,400
440,400
441,400
442,400
443,400
444,400
445,400
446,400
447,400
448,400
449,400
450,400
451,400
452,400
453,400
454,400
455,400
456,400
457,400
458,400
439,401
440,401
441,401
442,401
443,401
444,401
445,401
446,401
447,401
448,401
449,401
450,401
451,401
452,401
453,401
454,401
455,401
456,401
457,401
439,402
440,402
441,402
442,402
443,402
444,402
445,402
446,402
447,402
448,402
449,402
450,402
451,402
452,402
453,402
454,402
455,402
456,402
457,402
440,403
441,403
442,403
443,403
444,403
445,403
446,403
447,403
448,403
449,403
450,403
451,403
452,403
453,403
454,403
455,403
456,403
457,403
440,404
441,404
442,404
443,404
444,404
445,404
446,404
447,404
448,404
449,404
450,404
451,404
452,404
453,404
454,404
455,404
456,404
441,405
442,405
443,405
444,405
445,405
446,405
447,405
448,405
449,405
450,405
451,405
452,405
453,405
454,405
455,405
456,405
443,406
444,406
445,406
446,406
447,406
448,406
449,406
450,406
451,406
452,406
453,406
454,406
455,406
444,407
445,407
446,407
447,407
448,407
449,407
450,407
451,407
452,407
453,407
447,408
448,408
450,408
450,392
451,392
452,392
453,392
454,392
455,392
447,393
448,393
449,393
450,393
451,393
452,393
453,393
454,393
455,393
456,393
457,393
458,393
445,394
446,394
447,394
448,394
449,394
450,394
451,394
452,394
453,394
454,394
455,394
456,394
457,394
458,394
459,394
460,394
444,395
445,395
446,395
447,395
448,395
449,395
450,395
451,395
452,395
453,395
454,395
455,395
456,395
457,395
458,395
459,395
460,395
461,395
444,396
445,396
446,396
447,396
448,396
449,396
450,396
451,396
452,396
453,396
454,396
455,396
456,396
457,396
458,396
459,396
460,396
461,396
443,397
444,397
445,397
446,397
447,397
448,397
449,397
450,397
451,397
452,397
453,397
454,397
455,397
456,397
457,397
458,397
459,397
460,397
461,397
462,397
443,398
444,398
445,398
446,398
447,398
448,398
449,398
450,398
451,398
452,398
453,398
454,398
455,398
456,398
457,398
458,398
459,398
460,398
461,398
462,398
443,399
444,399
445,399
446,399
447,399
448,399
449,399
450,399
451,399
452,399
453,399
454,399
455,399
456,399
457,399
458,399
459,399
460,399
461,399
462,399
442,400
443,400
444,400
445,400
446,400
447,400
448,400
449,400
450,400
451,400
452,400
453,400
454,400
455,400
456,400
457,400
458,400
459,400
460,400
461,400
462,400
463,400
443,401
444,401
445,401
446,401
447,401
448,401
449,401
450,401
451,401
452,401
453,401
454,401
455,401
456,401
457,401
458,401
459,401
460,401
461,401
462,401
443,402
444,402
445,402
446,402
447,402
448,402
449,402
450,402
451,402
452,402
453,402
454,402
455,402
456,402
457,402
458,402
459,402
460,402
461,402
462,402
443,403
444,403
445,403
446,403
447,403
448,403
449,403
450,403
451,403
452,403
453,403
454,403
455,403
456,403
457,403
458,403
459,403
460,403
461,403
462,403
444,404
445,404
446,404
447,404
448,404
449,404
450,404
451,404
452,404
453,404
454,404
455,404
456,404
457,404
458,404
459,404
460,404
461,404
444,405
445,405
446,405
447,405
448,405
449,405
450,405
451,405
452,405
453,405
454,405
455,405
456,405
457,405
458,405
459,405
460,405
461,405
445,406
446,406
447,406
448,406
449,406
450,406
451,406
452,406
453,406
454,406
455,406
456,406
457,406
458,406
459,406
460,406
447,407
448,407
449,407
450,407
451,407
452,407
453,407
454,407
455,407
456,407
457,407
458,407
450,408
451,408
452,408
453,408
454,408
455,408
455,392
456,392
457,392
458,392
459,392
452,393
453,393
454,393
455,393
456,393
457,393
458,393
459,393
460,393
461,393
462,393
450,394
451,394
452,394
453,394
454,394
455,394
456,394
457,394
458,394
459,394
460,394
461,394
462,394
463,394
464,394
449,395
450,395
451,395
452,395
453,395
454,395
455,395
456,395
457,395
458,395
459,395
460,395
461,395
462,395
463,395
464,395
465,395
449,396
450,396
451,396
452,396
453,396
454,396
455,396
456,396
457,396
458,396
459,396
460,396
461,396
462,396
463,396
464,396
465,396
448,397
449,397
450,397
451,397
452,397
453,397
454,397
455,397
456,397
457,397
458,397
459,397
460,397
461,397
462,397
463,397
464,397
465,397
466,397
448,398
449,398
450,398
451,398
452,398
453,398
454,398
455,398
456,398
457,398
458,398
459,398
460,398
461,398
462,398
463,398
464,398
465,398
466,398
448,399
449,399
450,399
451,399
452,399
453,399
454,399
455,399
456,399
457,399
458,399
459,399
460,399
461,399
462,399
463,399
464,399
465,399
466,399
447,400
448,400
449,400
450,400
451,400
452,400
453,400
454,400
455,400
456,400
457,400
458,400
459,400
460,400
461,400
462,400
463,400
464,400
465,400
466,400
467,400
448,401
449,401
450,401
451,401
452,401
453,401
454,401
455,401
456,401
457,401
458,401
459,401
460,401
461,401
462,401
463,401
464,401
465,401
466,401
448,402
449,402
450,402
451,402
452,402
453,402
454,402
455,402
456,402
457,402
458,402
459,402
460,402
461,402
462,402
463,402
464,402
465,402
466,402
448,403
449,403
450,403
451,403
452,403
453,403
454,403
455,403
456,403
457,403
458,403
459,403
460,403
461,403
462,403
463,403
464,403
465,403
466,403
449,404
450,404
451,404
452,404
453,404
454,404
455,404
456,404
457,404
458,404
459,404
460,404
461,404
462,404
463,404
464,404
465,404
449,405
450,405
451,405
452,405
453,405
454,405
455,405
456,405
457,405
458,405
459,405
460,405
461,405
462,405
463,405
464,405
465,405
450,406
451,406
452,406
453,406
454,406
455,406
456,406
457,406
458,406
459,406
460,406
461,406
462,406
463,406
464,406
452,407
453,407
454,407
455,407
456,407
457,407
458,407
459,407
460,407
461,407
462,407
455,408
456,408
457,408
458,408
459,408
459,392
460,392
461,392
462,392
463,392
456,393
457,393
458,393
459,393
460,393
461,393
462,393
463,393
464,393
465,393
466,393
454,394
455,394
456,394
457,394
458,394
459,394
460,394
461,394
462,394
463,394
464,394
465,394
466,394
467,394
468,394
453,395
454,395
455,395
456,395
457,395
458,395
459,395
460,395
461,395
462,395
463,395
464,395
465,395
466,395
467,395
468,395
469,395
453,396
454,396
455,396
456,396
457,396
458,396
459,396
460,396
461,396
462,396
463,396
464,396
465,396
466,396
467,396
468,396
469,396
452,397
453,397
454,397
455,397
456,397
457,397
458,397
459,397
460,397
461,397
462,397
463,397
464,397
465,397
466,397
467,397
468,397
469,397
470,397
452,398
453,398
454,398
455,398
456,398
457,398
458,398
459,398
460,398
461,398
462,398
463,398
464,398
465,398
466,398
467,398
468,398
469,398
470,398
452,399
453,399
454,399
455,399
456,399
457,399
458,399
459,399
460,399
461,399
462,399
463,399
464,399
465,399
466,399
467,399
468,399
469,399
470,399
451,400
452,400
453,400
454,400
455,400
456,400
457,400
458,400
459,400
460,400
461,400
462,400
463,400
464,400
465,400
466,400
467,400
468,400
469,400
470,400
471,400
452,401
453,401
454,401
455,401
456,401
457,401
458,401
459,401
460,401
461,401
462,401
463,401
464,401
465,401
466,401
467,401
468,401
469,401
470,401
452,402
453,402
454,402
455,402
456,402
457,402
458,402
459,402
460,402
461,402
462,402
463,402
464,402
465,402
466,402
467,402
468,402
469,402
470,402
452,403
453,403
454,403
455,403
456,403
457,403
458,403
459,403
460,403
461,403
462,403
463,403
464,403
465,403
466,403
467,403
468,403
469,403
470,403
453,404
454,404
455,404
456,404
457,404
458,404
459,404
460,404
461,404
462,404
463,404
464,404
465,404
466,404
467,404
468,404
469,404
453,405
454,405
455,405
456,405
457,405
458,405
459,405
460,405
461,405
462,405
463,405
464,405
465,405
466,405
467,405
468,405
469,405
454,406
455,406
456,406
457,406
458,406
459,406
460,406
461,406
462,406
463,406
464,406
465,406
466,406
467,406
468,406
456,407
457,407
458,407
459,407
460,407
461,407
462,407
463,407
464,407
465,407
466,407
459,408
460,408
461,408
462,408
463,408
463,392
464,392
465,392
466,392
467,392
460,393
461,393
462,393
463,393
464,393
465,393
466,393
467,393
468,393
469,393
470,393
458,394
459,394
460,394
461,394
462,394
463,394
464,394
465,394
466,394
467,394
468,394
469,394
470,394
471,394
472,394
457,395
458,395
459,395
460,395
461,395
462,395
463,395
464,395
465,395
466,395
467,395
468,395
469,395
470,395
471,395
472,395
473,395
457,396
458,396
459,396
460,396
461,396
462,396
463,396
464,396
465,396
466,396
467,396
468,396
469,396
470,396
471,396
472,396
473,396
456,397
457,397
458,397
459,397
460,397
461,397
462,397
463,397
464,397
465,397
466,397
467,397
468,397
469,397
470,397
471,397
472,397
473,397
474,397
456,398
457,398
458,398
459,398
460,398
461,398
462,398
463,398
464,398
465,398
466,398
467,398
468,398
469,398
470,398
471,398
472,398
473,398
474,398
456,399
457,399
458,399
459,399
460,399
461,399
462,399
463,399
464,399
465,399
466,399
467,399
468,399
469,399
470,399
471,399
472,399
473,399
474,399
455,400
456,400
457,400
458,400
459,400
460,400
461,400
462,400
463,400
464,400
465,400
466,400
467,400
468,400
469,400
470,400
471,400
472,400
473,400
474,400
475,400
456,401
457,401
458,401
459,401
460,401
461,401
462,401
463,401
464,401
465,401
466,401
467,401
468,401
469,401
470,401
471,401
472,401
473,401
474,401
456,402
457,402
458,402
459,402
460,402
461,402
462,402
463,402
464,402
465,402
466,402
467,402
468,402
469,402
470,402
471,402
472,402
473,402
474,402
456,403
457,403
458,403
459,403
460,403
461,403
462,403
463,403
464,403
465,403
466,403
467,403
468,403
469,403
470,403
471,403
472,403
473,403
474,403
457,404
458,404
459,404
460,404
461,404
462,404
463,404
464,404
465,404
466,404
467,404
468,404
469,404
470,404
471,404
472,404
473,404
457,405
458,405
459,405
460,405
461,405
462,405
463,405
464,405
465,405
466,405
467,405
468,405
469,405
470,405
471,405
472,405
473,405
458,406
459,406
460,406
461,406
462,406
463,406
464,406
465,406
466,406
467,406
468,406
469,406
470,406
471,406
472,406
460,407
461,407
462,407
463,407
464,407
465,407
466,407
467,407
468,407
469,407
470,407
463,408
464,408
465,408
466,408
467,408
467,392
468,392
469,392
470,392
471,392
472,392
464,393
465,393
466,393
467,393
468,393
469,393
470,393
471,393
472,393
473,393
474,393
475,393
462,394
463,394
464,394
465,394
466,394
467,394
468,394
469,394
470,394
471,394
472,394
473,394
474,394
475,394
476,394
477,394
461,395
462,395
463,395
464,395
465,395
466,395
467,395
468,395
469,395
470,395
471,395
472,395
473,395
474,395
475,395
476,395
477,395
478,395
461,396
462,396
463,396
464,396
465,396
466,396
467,396
468,396
469,396
470,396
471,396
472,396
473,396
474,396
475,396
476,396
477,396
478,396
460,397
461,397
462,397
463,397
464,397
465,397
466,397
467,397
468,397
469,397
470,397
471,397
472,397
473,397
474,397
475,397
476,397
477,397
478,397
479,397
460,398
461,398
462,398
463,398
464,398
465,398
466,398
467,398
468,398
469,398
470,398
471,398
472,398
473,398
474,398
475,398
476,398
477,398
478,398
479,398
460,399
461,399
462,399
463,399
464,399
465,399
466,399
467,399
468,399
469,399
470,399
471,399
472,399
473,399
474,399
475,399
476,399
477,399
478,399
479,399
459,400
460,400
461,400
462,400
463,400
464,400
465,400
466,400
467,400
468,400
469,400
470,400
471,400
472,400
473,400
474,400
475,400
476,400
477,400
478,400
479,400
480,400
460,401
461,401
462,401
463,401
464,401
465,401
466,401
467,401
468,401
469,401
470,401
471,401
472,401
473,401
474,401
475,401
476,401
477,401
478,401
479,401
460,402
461,402
462,402
463,402
464,402
465,402
466,402
467,402
468,402
469,402
470,402
471,402
472,402
473,402
474,402
475,402
476,402
477,402
478,402
479,402
460,403
461,403
462,403
463,403
464,403
465,403
466,403
467,403
468,403
469,403
470,403
471,403
472,403
473,403
474,403
475,403
476,403
477,403
478,403
479,403
461,404
462,404
463,404
464,404
465,404
466,404
467,404
468,404
469,404
470,404
471,404
472,404
473,404
474,404
475,404
476,404
477,404
478,404
461,405
462,405
463,405
464,405
465,405
466,405
467,405
468,405
469,405
470,405
471,405
472,405
473,405
474,405
475,405
476,405
477,405
478,405
462,406
463,406
464,406
465,406
466,406
467,406
468,406
469,406
470,406
471,406
472,406
473,406
474,406
475,406
476,406
477,406
464,407
465,407
466,407
467,407
468,407
469,407
470,407
471,407
472,407
473,407
474,407
475,407
467,408
468,408
469,408
470,408
471,408
472,408
472,392
473,392
474,392
475,392
476,392
469,393
470,393
471,393
472,393
473,393
474,393
475,393
476,393
477,393
478,393
479,393
467,394
468,394
469,394
470,394
471,394
472,394
473,394
474,394
475,394
476,394
477,394
478,394
479,394
480,394
481,394
466,395
467,395
468,395
469,395
470,395
471,395
472,395
473,395
474,395
475,395
476,395
477,395
478,395
479,395
480,395
481,395
482,395
466,396
467,396
468,396
469,396
470,396
471,396
472,396
473,396
474,396
475,396
476,396
477,396
478,396
479,396
480,396
481,396
482,396
465,397
466,397
467,397
468,397
469,397
470,397
471,397
472,397
473,397
474,397
475,397
476,397
477,397
478,397
479,397
480,397
481,397
482,397
483,397
465,398
466,398
467,398
468,398
469,398
470,398
471,398
472,398
473,398
474,398
475,398
476,398
477,398
478,398
479,398
480,398
481,398
482,398
483,398
465,399
466,399
467,399
468,399
469,399
470,399
471,399
472,399
473,399
474,399
475,399
476,399
477,399
478,399
479,399
480,399
481,399
482,399
483,399
464,400
465,400
466,400
467,400
468,400
469,400
470,400
471,400
472,400
473,400
474,400
475,400
476,400
477,400
478,400
479,400
480,400
481,400
482,400
483,400
484,400
465,401
466,401
467,401
468,401
469,401
470,401
471,401
472,401
473,401
474,401
475,401
476,401
477,401
478,401
479,401
480,401
481,401
482,401
483,401
465,402
466,402
467,402
468,402
469,402
470,402
471,402
472,402
473,402
474,402
475,402
476,402
477,402
478,402
479,402
480,402
481,402
482,402
483,402
465,403
466,403
467,403
468,403
469,403
470,403
471,403
472,403
473,403
474,403
475,403
476,403
477,403
478,403
479,403
480,403
481,403
482,403
483,403
466,404
467,404
468,404
469,404
470,404
471,404
472,404
473,404
474,404
475,404
476,404
477,404
478,404
479,404
480,404
481,404
482,404
466,405
467,405
468,405
469,405
470,405
471,405
472,405
473,405
474,405
475,405
476,405
477,405
478,405
479,405
480,405
481,405
482,405
467,406
468,406
469,406
470,406
471,406
472,406
473,406
474,406
475,406
476,406
477,406
478,406
479,406
480,406
481,406
469,407
470,407
471,407
472,407
473,407
474,407
475,407
476,407
477,407
478,407
479,407
472,408
473,408
474,408
475,408
476,408
476,392
477,392
478,392
479,392
480,392
473,393
474,393
475,393
476,393
477,393
478,393
479,393
480,393
481,393
482,393
483,393
471,394
472,394
473,394
474,394
475,394
476,394
477,394
478,394
479,394
480,394
481,394
482,394
483,394
484,394
485,394
470,395
471,395
472,395
473,395
474,395
475,395
476,395
477,395
478,395
479,395
480,395
481,395
482,395
483,395
484,395
485,395
486,395
470,396
471,396
472,396
473,396
474,396
475,396
476,396
477,396
478,396
479,396
480,396
481,396
482,396
483,396
484,396
485,396
486,396
469,397
470,397
471,397
472,397
473,397
474,397
475,397
476,397
477,397
478,397
479,397
480,397
481,397
482,397
483,397
484,397
485,397
486,397
487,397
469,398
470,398
471,398
472,398
473,398
474,398
475,398
476,398
477,398
478,398
479,398
480,398
481,398
482,398
483,398
484,398
485,398
486,398
487,398
469,399
470,399
471,399
472,399
473,399
474,399
475,399
476,399
477,399
478,399
479,399
480,399
481,399
482,399
483,399
484,399
485,399
486,399
487,399
468,400
469,400
470,400
471,400
472,400
473,400
474,400
475,400
476,400
477,400
478,400
479,400
480,400
481,400
482,400
483,400
484,400
485,400
486,400
487,400
488,400
469,401
470,401
471,401
472,401
473,401
474,401
475,401
476,401
477,401
478,401
479,401
480,401
481,401
482,401
483,401
484,401
485,401
486,401
487,401
469,402
470,402
471,402
472,402
473,402
474,402
475,402
476,402
477,402
478,402
479,402
480,402
481,402
482,402
483,402
484,402
485,402
486,402
487,402
469,403
470,403
471,403
472,403
473,403
474,403
475,403
476,403
477,403
478,403
479,403
480,403
481,403
482,403
483,403
484,403
485,403
486,403
487,403
470,404
471,404
472,404
473,404
474,404
475,404
476,404
477,404
478,404
479,404
480,404
481,404
482,404
483,404
484,404
485,404
486,404
470,405
471,405
472,405
473,405
474,405
475,405
476,405
477,405
478,405
479,405
480,405
481,405
482,405
483,405
484,405
485,405
486,405
471,406
472,406
473,406
474,406
475,406
476,406
477,406
478,406
479,406
480,406
481,406
482,406
483,406
484,406
485,406
473,407
474,407
475,407
476,407
477,407
478,407
479,407
480,407
481,407
482,407
483,407
476,408
477,408
478,408
479,408
480,408
480,392
481,392
482,392
483,392
484,392
477,393
478,393
479,393
480,393
481,393
482,393
483,393
484,393
485,393
486,393
487,393
475,394
476,394
477,394
478,394
479,394
480,394
481,394
482,394
483,394
484,394
485,394
486,394
487,394
488,394
489,394
474,395
475,395
476,395
477,395
478,395
479,395
480,395
481,395
482,395
483,395
484,395
485,395
486,395
487,395
488,395
489,395
490,395
474,396
475,396
476,396
477,396
478,396
479,396
480,396
481,396
482,396
483,396
484,396
485,396
486,396
487,396
488,396
489,396
490,396
473,397
474,397
475,397
476,397
477,397
478,397
479,397
480,397
481,397
482,397
483,397
484,397
485,397
486,397
487,397
488,397
489,397
490,397
491,397
473,398
474,398
475,398
476,398
477,398
478,398
479,398
480,398
481,398
482,398
483,398
484,398
485,398
486,398
487,398
488,398
489,398
490,398
491,398
473,399
474,399
475,399
476,399
477,399
478,399
479,399
480,399
481,399
482,399
483,399
484,399
485,399
486,399
487,399
488,399
489,399
490,399
491,399
472,400
473,400
474,400
475,400
476,400
477,400
478,400
479,400
480,400
481,400
482,400
483,400
484,400
485,400
486,400
487,400
488,400
489,400
490,400
491,400
492,400
473,401
474,401
475,401
476,401
477,401
478,401
479,401
480,401
481,401
482,401
483,401
484,401
485,401
486,401
487,401
488,401
489,401
490,401
491,401
473,402
474,402
475,402
476,402
477,402
478,402
479,402
480,402
481,402
482,402
483,402
484,402
485,402
486,402
487,402
488,402
489,402
490,402
491,402
473,403
474,403
475,403
476,403
477,403
478,403
479,403
480,403
481,403
482,403
483,403
484,403
485,403
486,403
487,403
488,403
489,403
490,403
491,403
474,404
475,404
476,404
477,404
478,404
479,404
480,404
481,404
482,404
483,404
484,404
485,404
486,404
487,404
488,404
489,404
490,404
474,405
475,405
476,405
477,405
478,405
479,405
480,405
481,405
482,405
483,405
484,405
485,405
486,405
487,405
488,405
489,405
490,405
475,406
476,406
477,406
478,406
479,406
480,406
481,406
482,406
483,406
484,406
485,406
486,406
487,406
488,406
489,406
477,407
478,407
479,407
480,407
481,407
482,407
483,407
484,407
485,407
486,407
487,407
480,408
481,408
482,408
483,408
484,408
484,392
485,392
486,392
487,392
488,392
489,392
481,393
482,393
483,393
484,393
485,393
486,393
487,393
488,393
489,393
490,393
491,393
492,393
479,394
480,394
481,394
482,394
483,394
484,394
485,394
486,394
487,394
488,394
489,394
490,394
491,394
492,394
493,394
494,394
478,395
479,395
480,395
481,395
482,395
483,395
484,395
485,395
486,395
487,395
488,395
489,395
490,395
491,395
492,395
493,395
494,395
495,395
478,396
479,396
480,396
481,396
482,396
483,396
484,396
485,396
486,396
487,396
488,396
489,396
490,396
491,396
492,396
493,396
494,396
495,396
477,397
478,397
479,397
480,397
481,397
482,397
483,397
484,397
485,397
486,397
487,397
488,397
489,397
490,397
491,397
492,397
493,397
494,397
495,397
496,397
477,398
478,398
479,398
480,398
481,398
482,398
483,398
484,398
485,398
486,398
487,398
488,398
489,398
490,398
491,398
492,398
493,398
494,398
495,398
496,398
477,399
478,399
479,399
480,399
481,399
482,399
483,399
484,399
485,399
486,399
487,399
488,399
489,399
490,399
491,399
492,399
493,399
494,399
495,399
496,399
476,400
477,400
478,400
479,400
480,400
481,400
482,400
483,400
484,400
485,400
486,400
487,400
488,400
489,400
490,400
491,400
492,400
493,400
494,400
495,400
496,400
497,400
477,401
478,401
479,401
480,401
481,401
482,401
483,401
484,401
485,401
486,401
487,401
488,401
489,401
490,401
491,401
492,401
493,401
494,401
495,401
496,401
477,402
478,402
479,402
480,402
481,402
482,402
483,402
484,402
485,402
486,402
487,402
488,402
489,402
490,402
491,402
492,402
493,402
494,402
495,402
496,402
477,403
478,403
479,403
480,403
481,403
482,403
483,403
484,403
485,403
486,403
487,403
488,403
489,403
490,403
491,403
492,403
493,403
494,403
495,403
496,403
478,404
479,404
480,404
481,404
482,404
483,404
484,404
485,404
486,404
487,404
488,404
489,404
490,404
491,404
492,404
493,404
494,404
495,404
478,405
479,405
480,405
481,405
482,405
483,405
484,405
485,405
486,405
487,405
488,405
489,405
490,405
491,405
492,405
493,405
494,405
495,405
479,406
480,406
481,406
482,406
483,406
484,406
485,406
486,406
487,406
488,406
489,406
490,406
491,406
492,406
493,406
494,406
481,407
482,407
483,407
484,407
485,407
486,407
487,407
488,407
489,407
490,407
491,407
492,407
484,408
485,408
486,408
487,408
488,408
489,408
489,392
490,392
491,392
492,392
493,392
486,393
487,393
488,393
489,393
490,393
491,393
492,393
493,393
494,393
495,393
496,393
484,394
485,394
486,394
487,394
488,394
489,394
490,394
491,394
492,394
493,394
494,394
495,394
496,394
497,394
498,394
483,395
484,395
485,395
486,395
487,395
488,395
489,395
490,395
491,395
492,395
493,395
494,395
495,395
496,395
497,395
498,395
499,395
483,396
484,396
485,396
486,396
487,396
488,396
489,396
490,396
491,396
492,396
493,396
494,396
495,396
496,396
497,396
498,396
499,396
482,397
483,397
484,397
485,397
486,397
487,397
488,397
489,397
490,397
491,397
492,397
493,397
494,397
495,397
496,397
497,397
498,397
499,397
500,397
482,398
483,398
484,398
485,398
486,398
487,398
488,398
489,398
490,398
491,398
492,398
493,398
494,398
495,398
496,398
497,398
498,398
499,398
500,398
482,399
483,399
484,399
485,399
486,399
487,399
488,399
489,399
490,399
491,399
492,399
493,399
494,399
495,399
496,399
497,399
498,399
499,399
500,399
481,400
482,400
483,400
484,400
485,400
486,400
487,400
488,400
489,400
490,400
491,400
492,400
493,400
494,400
495,400
496,400
497,400
498,400
499,400
500,400
501,400
482,401
483,401
484,401
485,401
486,401
487,401
488,401
489,401
490,401
491,401
492,401
493,401
494,401
495,401
496,401
497,401
498,401
499,401
500,401
482,402
483,402
484,402
485,402
486,402
487,402
488,402
489,402
490,402
491,402
492,402
493,402
494,402
495,402
496,402
497,402
498,402
499,402
500,402
482,403
483,403
484,403
485,403
486,403
487,403
488,403
489,403
490,403
491,403
492,403
493,403
494,403
495,403
496,403
497,403
498,403
499,403
500,403
483,404
484,404
485,404
486,404
487,404
488,404
489,404
490,404
491,404
492,404
493,404
494,404
495,404
496,404
497,404
498,404
499,404
483,405
484,405
485,405
486,405
487,405
488,405
489,405
490,405
491,405
492,405
493,405
494,405
495,405
496,405
497,405
498,405
499,405
484,406
485,406
486,406
487,406
488,406
489,406
490,406
491,406
492,406
493,406
494,406
495,406
496,406
497,406
498,406
486,407
487,407
488,407
489,407
490,407
491,407
492,407
493,407
494,407
495,407
496,407
489,408
490,408
491,408
492,408
493,408
493,392
494,392
495,392
496,392
497,392
490,393
491,393
492,393
493,393
494,393
495,393
496,393
497,393
498,393
499,393
500,393
488,394
489,394
490,394
491,394
492,394
493,394
494,394
495,394
496,394
497,394
498,394
499,394
500,394
501,394
502,394
487,395
488,395
489,395
490,395
491,395
492,395
493,395
494,395
495,395
496,395
497,395
498,395
499,395
500,395
501,395
502,395
503,395
487,396
488,396
489,396
490,396
491,396
492,396
493,396
494,396
495,396
496,396
497,396
498,396
499,396
500,396
501,396
502,396
503,396
486,397
487,397
488,397
489,397
490,397
491,397
492,397
493,397
494,397
495,397
496,397
497,397
498,397
499,397
500,397
501,397
502,397
503,397
504,397
486,398
487,398
488,398
489,398
490,398
491,398
492,398
493,398
494,398
495,398
496,398
497,398
498,398
499,398
500,398
501,398
502,398
503,398
504,398
486,399
487,399
488,399
489,399
490,399
491,399
492,399
493,399
494,399
495,399
496,399
497,399
498,399
499,399
500,399
501,399
502,399
503,399
504,399
485,400
486,400
487,400
488,400
489,400
490,400
491,400
492,400
493,400
494,400
495,400
496,400
497,400
498,400
499,400
500,400
501,400
502,400
503,400
504,400
505,400
486,401
487,401
488,401
489,401
490,401
491,401
492,401
493,401
494,401
495,401
496,401
497,401
498,401
499,401
500,401
501,401
502,401
503,401
504,401
486,402
487,402
488,402
489,402
490,402
491,402
492,402
493,402
494,402
495,402
496,402
497,402
498,402
499,402
500,402
501,402
502,402
503,402
504,402
486,403
487,403
488,403
489,403
490,403
491,403
492,403
493,403
494,403
495,403
496,403
497,403
498,403
499,403
500,403
501,403
502,403
503,403
504,403
487,404
488,404
489,404
490,404
491,404
492,404
493,404
494,404
495,404
496,404
497,404
498,404
499,404
500,404
501,404
502,404
503,404
487,405
488,405
489,405
490,405
491,405
492,405
493,405
494,405
495,405
496,405
497,405
498,405
499,405
500,405
501,405
502,405
503,405
488,406
489,406
490,406
491,406
492,406
493,406
494,406
495,406
496,406
497,406
498,406
499,406
500,406
501,406
502,406
490,407
491,407
492,407
493,407
494,407
495,407
496,407
497,407
498,407
499,407
500,407
493,408
494,408
495,408
496,408
497,408
498,391
499,391
501,391
495,392
496,392
497,392
498,392
499,392
500,392
501,392
502,392
503,392
504,392
494,393
495,393
496,393
497,393
498,393
499,393
500,393
501,393
502,393
503,393
504,393
505,393
506,393
492,394
493,394
494,394
495,394
496,394
497,394
498,394
499,394
500,394
501,394
502,394
503,394
504,394
505,394
506,394
507,394
491,395
492,395
493,395
494,395
495,395
496,395
497,395
498,395
499,395
500,395
501,395
502,395
503,395
504,395
505,395
506,395
507,395
491,396
492,396
493,396
494,396
495,396
496,396
497,396
498,396
499,396
500,396
501,396
502,396
503,396
504,396
505,396
506,396
507,396
508,396
490,397
491,397
492,397
493,397
494,397
495,397
496,397
497,397
498,397
499,397
500,397
501,397
502,397
503,397
504,397
505,397
506,397
507,397
508,397
490,398
491,398
492,398
493,398
494,398
495,398
496,398
497,398
498,398
499,398
500,398
501,398
502,398
503,398
504,398
505,398
506,398
507,398
508,398
490,399
491,399
492,399
493,399
494,399
495,399
496,399
497,399
498,399
499,399
500,399
501,399
502,399
503,399
504,399
505,399
506,399
507,399
508,399
509,399
489,400
490,400
491,400
492,400
493,400
494,400
495,400
496,400
497,400
498,400
499,400
500,400
501,400
502,400
503,400
504,400
505,400
506,400
507,400
508,400
490,401
491,401
492,401
493,401
494,401
495,401
496,401
497,401
498,401
499,401
500,401
501,401
502,401
503,401
504,401
505,401
506,401
507,401
508,401
490,402
491,402
492,402
493,402
494,402
495,402
496,402
497,402
498,402
499,402
500,402
501,402
502,402
503,402
504,402
505,402
506,402
507,402
508,402
490,403
491,403
492,403
493,403
494,403
495,403
496,403
497,403
498,403
499,403
500,403
501,403
502,403
503,403
504,403
505,403
506,403
507,403
491,404
492,404
493,404
494,404
495,404
496,404
497,404
498,404
499,404
500,404
501,404
502,404
503,404
504,404
505,404
506,404
507,404
491,405
492,405
493,405
494,405
495,405
496,405
497,405
498,405
499,405
500,405
501,405
502,405
503,405
504,405
505,405
506,405
492,406
493,406
494,406
495,406
496,406
497,406
498,406
499,406
500,406
501,406
502,406
503,406
504,406
494,407
495,407
496,407
497,407
498,407
499,407
500,407
501,407
502,407
503,407
497,408
499,408
500,408
504,388
501,389
502,389
503,389
504,389
505,389
506,389
507,389
498,390
499,390
500,390
501,390
502,390
503,390
504,390
505,390
506,390
507,390
508,390
509,390
497,391
498,391
499,391
500,391
501,391
502,391
503,391
504,391
505,391
506,391
507,391
508,391
509,391
510,391
496,392
497,392
498,392
499,392
500,392
501,392
502,392
503,392
504,392
505,392
506,392
507,392
508,392
509,392
510,392
495,393
496,393
497,393
498,393
499,393
500,393
501,393
502,393
503,393
504,393
505,393
506,393
507,393
508,393
509,393
510,393
511,393
495,394
496,394
497,394
498,394
499,394
500,394
501,394
502,394
503,394
504,394
505,394
506,394
507,394
508,394
509,394
510,394
511,394
495,395
496,395
497,395
498,395
499,395
500,395
501,395
502,395
503,395
504,395
505,395
506,395
507,395
508,395
509,395
510,395
511,395
494,396
495,396
496,396
497,396
498,396
499,396
500,396
501,396
502,396
503,396
504,396
505,396
506,396
507,396
508,396
509,396
510,396
511,396
512,396
494,397
495,397
496,397
497,397
498,397
499,397
500,397
501,397
502,397
503,397
504,397
505,397
506,397
507,397
508,397
509,397
510,397
511,397
494,398
495,398
496,398
497,398
498,398
499,398
500,398
501,398
502,398
503,398
504,398
505,398
506,398
507,398
508,398
509,398
510,398
511,398
493,399
494,399
495,399
496,399
497,399
498,399
499,399
500,399
501,399
502,399
503,399
504,399
505,399
506,399
507,399
508,399
509,399
510,399
511,399
494,400
495,400
496,400
497,400
498,400
499,400
500,400
501,400
502,400
503,400
504,400
505,400
506,400
507,400
508,400
509,400
510,400
494,401
495,401
496,401
497,401
498,401
499,401
500,401
501,401
502,401
503,401
504,401
505,401
506,401
507,401
508,401
509,401
510,401
494,402
495,402
496,402
497,402
498,402
499,402
500,402
501,402
502,402
503,402
504,402
505,402
506,402
507,402
508,402
509,402
510,402
495,403
496,403
497,403
498,403
499,403
500,403
501,403
502,403
503,403
504,403
505,403
506,403
507,403
508,403
509,403
495,404
496,404
497,404
498,404
499,404
500,404
501,404
502,404
503,404
504,404
505,404
506,404
507,404
508,404
496,405
497,405
498,405
499,405
500,405
501,405
502,405
503,405
504,405
505,405
506,405
507,405
498,406
499,406
500,406
501,406
502,406
503,406
504,406
501,407
506,384
503,385
504,385
505,385
506,385
507,385
508,385
509,385
501,386
502,386
503,386
504,386
505,386
506,386
507,386
508,386
509,386
510,386
511,386
500,387
501,387
502,387
503,387
504,387
505,387
506,387
507,387
508,387
509,387
510,387
511,387
512,387
499,388
500,388
501,388
502,388
503,388
504,388
505,388
506,388
507,388
508,388
509,388
510,388
511,388
512,388
498,389
499,389
500,389
501,389
502,389
503,389
504,389
505,389
506,389
507,389
508,389
509,389
510,389
511,389
512,389
513,389
498,390
499,390
500,390
501,390
502,390
503,390
504,390
505,390
506,390
507,390
508,390
509,390
510,390
511,390
512,390
513,390
497,391
498,391
499,391
500,391
501,391
502,391
503,391
504,391
505,391
506,391
507,391
508,391
509,391
510,391
511,391
512,391
513,391
497,392
498,392
499,392
500,392
501,392
502,392
503,392
504,392
505,392
506,392
507,392
508,392
509,392
510,392
511,392
512,392
513,392
514,392
497,393
498,393
499,393
500,393
501,393
502,393
503,393
504,393
505,393
506,393
507,393
508,393
509,393
510,393
511,393
512,393
513,393
497,394
498,394
499,394
500,394
501,394
502,394
503,394
504,394
505,394
506,394
507,394
508,394
509,394
510,394
511,394
512,394
513,394
497,395
498,395
499,395
500,395
501,395
502,395
503,395
504,395
505,395
506,395
507,395
508,395
509,395
510,395
511,395
512,395
513,395
496,396
497,396
498,396
499,396
500,396
501,396
502,396
503,396
504,396
505,396
506,396
507,396
508,396
509,396
510,396
511,396
512,396
513,396
497,397
498,397
499,397
500,397
501,397
502,397
503,397
504,397
505,397
506,397
507,397
508,397
509,397
510,397
511,397
512,397
513,397
497,398
498,398
499,398
500,398
501,398
502,398
503,398
504,398
505,398
506,398
507,398
508,398
509,398
510,398
511,398
512,398
497,399
498,399
499,399
500,399
501,399
502,399
503,399
504,399
505,399
506,399
507,399
508,399
509,399
510,399
511,399
512,399
498,400
499,400
500,400
501,400
502,400
503,400
504,400
505,400
506,400
507,400
508,400
509,400
510,400
511,400
498,401
499,401
500,401
501,401
502,401
503,401
504,401
505,401
506,401
507,401
508,401
509,401
510,401
499,402
500,402
501,402
502,402
503,402
504,402
505,402
506,402
507,402
508,402
509,402
501,403
502,403
503,403
504,403
505,403
506,403
507,403
504,404
506,379
503,380
504,380
505,380
506,380
507,380
508,380
509,380
501,381
502,381
503,381
504,381
505,381
506,381
507,381
508,381
509,381
510,381
511,381
500,382
501,382
502,382
503,382
504,382
505,382
506,382
507,382
508,382
509,382
510,382
511,382
512,382
500,383
501,383
502,383
503,383
504,383
505,383
506,383
507,383
508,383
509,383
510,383
511,383
512,383
499,384
500,384
501,384
502,384
503,384
504,384
505,384
506,384
507,384
508,384
509,384
510,384
511,384
512,384
513,384
499,385
500,385
501,385
502,385
503,385
504,385
505,385
506,385
507,385
508,385
509,385
510,385
511,385
512,385
513,385
499,386
500,386
501,386
502,386
503,386
504,386
505,386
506,386
507,386
508,386
509,386
510,386
511,386
512,386
513,386
498,387
499,387
500,387
501,387
502,387
503,387
504,387
505,387
506,387
507,387
508,387
509,387
510,387
511,387
512,387
513,387
514,387
498,388
499,388
500,388
501,388
502,388
503,388
504,388
505,388
506,388
507,388
508,388
509,388
510,388
511,388
512,388
513,388
514,388
498,389
499,389
500,389
501,389
502,389
503,389
504,389
505,389
506,389
507,389
508,389
509,389
510,389
511,389
512,389
513,389
514,389
498,390
499,390
500,390
501,390
502,390
503,390
504,390
505,390
506,390
507,390
508,390
509,390
510,390
511,390
512,390
513,390
514,390
498,391
499,391
500,391
501,391
502,391
503,391
504,391
505,391
506,391
507,391
508,391
509,391
510,391
511,391
512,391
513,391
514,391
498,392
499,392
500,392
501,392
502,392
503,392
504,392
505,392
506,392
507,392
508,392
509,392
510,392
511,392
512,392
513,392
514,392
499,393
500,393
501,393
502,393
503,393
504,393
505,393
506,393
507,393
508,393
509,393
510,393
511,393
512,393
513,393
499,394
500,394
501,394
502,394
503,394
504,394
505,394
506,394
507,394
508,394
509,394
510,394
511,394
512,394
513,394
499,395
500,395
501,395
502,395
503,395
504,395
505,395
506,395
507,395
508,395
509,395
510,395
511,395
512,395
513,395
500,396
501,396
502,396
503,396
504,396
505,396
506,396
507,396
508,396
509,396
510,396
511,396
512,396
500,397
501,397
502,397
503,397
504,397
505,397
506,397
507,397
508,397
509,397
510,397
511,397
512,397
501,398
502,398
503,398
504,398
505,398
506,398
507,398
508,398
509,398
510,398
511,398
503,399
504,399
505,399
506,399
507,399
508,399
509,399
506,400
506,375
503,376
504,376
505,376
506,376
507,376
508,376
509,376
501,377
502,377
503,377
504,377
505,377
506,377
507,377
508,377
509,377
510,377
511,377
500,378
501,378
502,378
503,378
504,378
505,378
506,378
507,378
508,378
509,378
510,378
511,378
512,378
500,379
501,379
502,379
503,379
504,379
505,379
506,379
507,379
508,379
509,379
510,379
511,379
512,379
499,380
500,380
501,380
502,380
503,380
504,380
505,380
506,380
507,380
508,380
509,380
510,380
511,380
512,380
513,380
499,381
500,381
501,381
502,381
503,381
504,381
505,381
506,381
507,381
508,381
509,381
510,381
511,381
512,381
513,381
499,382
500,382
501,382
502,382
503,382
504,382
505,382
506,382
507,382
508,382
509,382
510,382
511,382
512,382
513,382
498,383
499,383
500,383
501,383
502,383
503,383
504,383
505,383
506,383
507,383
508,383
509,383
510,383
511,383
512,383
513,383
514,383
498,384
499,384
500,384
501,384
502,384
503,384
504,384
505,384
506,384
507,384
508,384
509,384
510,384
511,384
512,384
513,384
514,384
498,385
499,385
500,385
501,385
502,385
503,385
504,385
505,385
506,385
507,385
508,385
509,385
510,385
511,385
512,385
513,385
514,385
498,386
499,386
500,386
501,386
502,386
503,386
504,386
505,386
506,386
507,386
508,386
509,386
510,386
511,386
512,386
513,386
514,386
498,387
499,387
500,387
501,387
502,387
503,387
504,387
505,387
506,387
507,387
508,387
509,387
510,387
511,387
512,387
513,387
514,387
499,388
500,388
501,388
502,388
503,388
504,388
505,388
506,388
507,388
508,388
509,388
510,388
511,388
512,388
513,388
499,389
500,389
501,389
502,389
503,389
504,389
505,389
506,389
507,389
508,389
509,389
510,389
511,389
512,389
513,389
499,390
500,390
501,390
502,390
503,390
504,390
505,390
506,390
507,390
508,390
509,390
510,390
511,390
512,390
513,390
500,391
501,391
502,391
503,391
504,391
505,391
506,391
507,391
508,391
509,391
510,391
511,391
512,391
500,392
501,392
502,392
503,392
504,392
505,392
506,392
507,392
508,392
509,392
510,392
511,392
512,392
501,393
502,393
503,393
504,393
505,393
506,393
507,393
508,393
509,393
510,393
511,393
503,394
504,394
505,394
506,394
507,394
508,394
509,394
506,395
505,371
502,372
503,372
504,372
505,372
506,372
507,372
508,372
500,373
501,373
502,373
503,373
504,373
505,373
506,373
507,373
508,373
509,373
510,373
499,374
500,374
501,374
502,374
503,374
504,374
505,374
506,374
507,374
508,374
509,374
510,374
511,374
499,375
500,375
501,375
502,375
503,375
504,375
505,375
506,375
507,375
508,375
509,375
510,375
511,375
498,376
499,376
500,376
501,376
502,376
503,376
504,376
505,376
506,376
507,376
508,376
509,376
510,376
511,376
512,376
498,377
499,377
500,377
501,377
502,377
503,377
504,377
505,377
506,377
507,377
508,377
509,377
510,377
511,377
512,377
513,377
498,378
499,378
500,378
501,378
502,378
503,378
504,378
505,378
506,378
507,378
508,378
509,378
510,378
511,378
512,378
513,378
497,379
498,379
499,379
500,379
501,379
502,379
503,379
504,379
505,379
506,379
507,379
508,379
509,379
510,379
511,379
512,379
513,379
498,380
499,380
500,380
501,380
502,380
503,380
504,380
505,380
506,380
507,380
508,380
509,380
510,380
511,380
512,380
513,380
514,380
497,381
498,381
499,381
500,381
501,381
502,381
503,381
504,381
505,381
506,381
507,381
508,381
509,381
510,381
511,381
512,381
513,381
514,381
497,382
498,382
499,382
500,382
501,382
502,382
503,382
504,382
505,382
506,382
507,382
508,382
509,382
510,382
511,382
512,382
513,382
498,383
499,383
500,383
501,383
502,383
503,383
504,383
505,383
506,383
507,383
508,383
509,383
510,383
511,383
512,383
513,383
514,383
498,384
499,384
500,384
501,384
502,384
503,384
504,384
505,384
506,384
507,384
508,384
509,384
510,384
511,384
512,384
513,384
498,385
499,385
500,385
501,385
502,385
503,385
504,385
505,385
506,385
507,385
508,385
509,385
510,385
511,385
512,385
513,385
499,386
500,386
501,386
502,386
503,386
504,386
505,386
506,386
507,386
508,386
509,386
510,386
511,386
512,386
513,386
500,387
501,387
502,387
503,387
504,387
505,387
506,387
507,387
508,387
509,387
510,387
511,387
512,387
500,388
501,388
502,388
503,388
504,388
505,388
506,388
507,388
508,388
509,388
510,388
511,388
512,388
501,389
502,389
503,389
504,389
505,389
506,389
507,389
508,389
509,389
510,389
511,389
503,390
504,390
505,390
506,390
507,390
508,390
509,390
506,391
505,367
502,368
503,368
504,368
505,368
506,368
507,368
508,368
500,369
501,369
502,369
503,369
504,369
505,369
506,369
507,369
508,369
509,369
510,369
499,370
500,370
501,370
502,370
503,370
504,370
505,370
506,370
507,370
508,370
509,370
510,370
511,370
499,371
500,371
501,371
502,371
503,371
504,371
505,371
506,371
507,371
508,371
509,371
510,371
511,371
498,372
499,372
500,372
501,372
502,372
503,372
504,372
505,372
506,372
507,372
508,372
509,372
510,372
511,372
512,372
498,373
499,373
500,373
501,373
502,373
503,373
504,373
505,373
506,373
507,373
508,373
509,373
510,373
511,373
512,373
498,374
499,374
500,374
501,374
502,374
503,374
504,374
505,374
506,374
507,374
508,374
509,374
510,374
511,374
512,374
497,375
498,375
499,375
500,375
501,375
502,375
503,375
504,375
505,375
506,375
507,375
508,375
509,375
510,375
511,375
512,375
513,375
497,376
498,376
499,376
500,376
501,376
502,376
503,376
504,376
505,376
506,376
507,376
508,376
509,376
510,376
511,376
512,376
513,376
497,377
498,377
499,377
500,377
501,377
502,377
503,377
504,377
505,377
506,377
507,377
508,377
509,377
510,377
511,377
512,377
513,377
497,378
498,378
499,378
500,378
501,378
502,378
503,378
504,378
505,378
506,378
507,378
508,378
509,378
510,378
511,378
512,378
513,378
497,379
498,379
499,379
500,379
501,379
502,379
503,379
504,379
505,379
506,379
507,379
508,379
509,379
510,379
511,379
512,379
513,379
498,380
499,380
500,380
501,380
502,380
503,380
504,380
505,380
506,380
507,380
508,380
509,380
510,380
511,380
512,380
498,381
499,381
500,381
501,381
502,381
503,381
504,381
505,381
506,381
507,381
508,381
509,381
510,381
511,381
512,381
498,382
499,382
500,382
501,382
502,382
503,382
504,382
505,382
506,382
507,382
508,382
509,382
510,382
511,382
512,382
499,383
500,383
501,383
502,383
503,383
504,383
505,383
506,383
507,383
508,383
509,383
510,383
511,383
499,384
500,384
501,384
502,384
503,384
504,384
505,384
506,384
507,384
508,384
509,384
510,384
511,384
500,385
501,385
502,385
503,385
504,385
505,385
506,385
507,385
508,385
509,385
510,385
502,386
503,386
504,386
505,386
506,386
507,386
508,386
505,387
505,362
502,363
503,363
504,363
505,363
506,363
507,363
508,363
500,364
501,364
502,364
503,364
504,364
505,364
506,364
507,364
508,364
509,364
510,364
499,365
500,365
501,365
502,365
503,365
504,365
505,365
506,365
507,365
508,365
509,365
510,365
511,365
499,366
500,366
501,366
502,366
503,366
504,366
505,366
506,366
507,366
508,366
509,366
510,366
511,366
498,367
499,367
500,367
501,367
502,367
503,367
504,367
505,367
506,367
507,367
508,367
509,367
510,367
511,367
512,367
498,368
499,368
500,368
501,368
502,368
503,368
504,368
505,368
506,368
507,368
508,368
509,368
510,368
511,368
512,368
498,369
499,369
500,369
501,369
502,369
503,369
504,369
505,369
506,369
507,369
508,369
509,369
510,369
511,369
512,369
497,370
498,370
499,370
500,370
501,370
502,370
503,370
504,370
505,370
506,370
507,370
508,370
509,370
510,370
511,370
512,370
513,370
497,371
498,371
499,371
500,371
501,371
502,371
503,371
504,371
505,371
506,371
507,371
508,371
509,371
510,371
511,371
512,371
513,371
497,372
498,372
499,372
500,372
501,372
502,372
503,372
504,372
505,372
506,372
507,372
508,372
509,372
510,372
511,372
512,372
513,372
497,373
498,373
499,373
500,373
501,373
502,373
503,373
504,373
505,373
506,373
507,373
508,373
509,373
510,373
511,373
512,373
513,373
497,374
498,374
499,374
500,374
501,374
502,374
503,374
504,374
505,374
506,374
507,374
508,374
509,374
510,374
511,374
512,374
513,374
497,375
498,375
499,375
500,375
501,375
502,375
503,375
504,375
505,375
506,375
507,375
508,375
509,375
510,375
511,375
512,375
513,375
498,376
499,376
500,376
501,376
502,376
503,376
504,376
505,376
506,376
507,376
508,376
509,376
510,376
511,376
512,376
498,377
499,377
500,377
501,377
502,377
503,377
504,377
505,377
506,377
507,377
508,377
509,377
510,377
511,377
512,377
498,378
499,378
500,378
501,378
502,378
503,378
504,378
505,378
506,378
507,378
508,378
509,378
510,378
511,378
512,378
499,379
500,379
501,379
502,379
503,379
504,379
505,379
506,379
507,379
508,379
509,379
510,379
511,379
499,380
500,380
501,380
502,380
503,380
504,380
505,380
506,380
507,380
508,380
509,380
510,380
511,380
500,381
501,381
502,381
503,381
504,381
505,381
506,381
507,381
508,381
509,381
510,381
502,382
503,382
504,382
505,382
506,382
507,382
508,382
505,383
505,358
502,359
503,359
504,359
505,359
506,359
507,359
508,359
500,360
501,360
502,360
503,360
504,360
505,360
506,360
507,360
508,360
509,360
510,360
499,361
500,361
501,361
502,361
503,361
504,361
505,361
506,361
507,361
508,361
509,361
510,361
511,361
499,362
500,362
501,362
502,362
503,362
504,362
505,362
506,362
507,362
508,362
509,362
510,362
511,362
498,363
499,363
500,363
501,363
502,363
503,363
504,363
505,363
506,363
507,363
508,363
509,363
510,363
511,363
512,363
498,364
499,364
500,364
501,364
502,364
503,364
504,364
505,364
506,364
507,364
508,364
509,364
510,364
511,364
512,364
498,365
499,365
500,365
501,365
502,365
503,365
504,365
505,365
506,365
507,365
508,365
509,365
510,365
511,365
512,365
497,366
498,366
499,366
500,366
501,366
502,366
503,366
504,366
505,366
506,366
507,366
508,366
509,366
510,366
511,366
512,366
513,366
497,367
498,367
499,367
500,367
501,367
502,367
503,367
504,367
505,367
506,367
507,367
508,367
509,367
510,367
511,367
512,367
513,367
497,368
498,368
499,368
500,368
501,368
502,368
503,368
504,368
505,368
506,368
507,368
508,368
509,368
510,368
511,368
512,368
513,368
497,369
498,369
499,369
500,369
501,369
502,369
503,369
504,369
505,369
506,369
507,369
508,369
509,369
510,369
511,369
512,369
513,369
497,370
498,370
499,370
500,370
501,370
502,370
503,370
504,370
505,370
506,370
507,370
508,370
509,370
510,370
511,370
512,370
513,370
498,371
499,371
500,371
501,371
502,371
503,371
504,371
505,371
506,371
507,371
508,371
509,371
510,371
511,371
512,371
498,372
499,372
500,372
501,372
502,372
503,372
504,372
505,372
506,372
507,372
508,372
509,372
510,372
511,372
512,372
498,373
499,373
500,373
501,373
502,373
503,373
504,373
505,373
506,373
507,373
508,373
509,373
510,373
511,373
512,373
499,374
500,374
501,374
502,374
503,374
504,374
505,374
506,374
507,374
508,374
509,374
510,374
511,374
499,375
500,375
501,375
502,375
503,375
504,375
505,375
506,375
507,375
508,375
509,375
510,375
511,375
500,376
501,376
502,376
503,376
504,376
505,376
506,376
507,376
508,376
509,376
510,376
502,377
503,377
504,377
505,377
506,377
507,377
508,377
505,378
505,354
502,355
503,355
504,355
505,355
506,355
507,355
508,355
500,356
501,356
502,356
503,356
504,356
505,356
506,356
507,356
508,356
509,356
510,356
499,357
500,357
501,357
502,357
503,357
504,357
505,357
506,357
507,357
508,357
509,357
510,357
511,357
499,358
500,358
501,358
502,358
503,358
504,358
505,358
506,358
507,358
508,358
509,358
510,358
511,358
498,359
499,359
500,359
501,359
502,359
503,359
504,359
505,359
506,359
507,359
508,359
509,359
510,359
511,359
512,359
498,360
499,360
500,360
501,360
502,360
503,360
504,360
505,360
506,360
507,360
508,360
509,360
510,360
511,360
512,360
498,361
499,361
500,361
501,361
502,361
503,361
504,361
505,361
506,361
507,361
508,361
509,361
510,361
511,361
512,361
497,362
498,362
499,362
500,362
501,362
502,362
503,362
504,362
505,362
506,362
507,362
508,362
509,362
510,362
511,362
512,362
513,362
497,363
498,363
499,363
500,363
501,363
502,363
503,363
504,363
505,363
506,363
507,363
508,363
509,363
510,363
511,363
512,363
513,363
497,364
498,364
499,364
500,364
501,364
502,364
503,364
504,364
505,364
506,364
507,364
508,364
509,364
510,364
511,364
512,364
513,364
497,365
498,365
499,365
500,365
501,365
502,365
503,365
504,365
505,365
506,365
507,365
508,365
509,365
510,365
511,365
512,365
513,365
497,366
498,366
499,366
500,366
501,366
502,366
503,366
504,366
505,366
506,366
507,366
508,366
509,366
510,366
511,366
512,366
513,366
498,367
499,367
500,367
501,367
502,367
503,367
504,367
505,367
506,367
507,367
508,367
509,367
510,367
511,367
512,367
498,368
499,368
500,368
501,368
502,368
503,368
504,368
505,368
506,368
507,368
508,368
509,368
510,368
511,368
512,368
498,369
499,369
500,369
501,369
502,369
503,369
504,369
505,369
506,369
507,369
508,369
509,369
510,369
511,369
512,369
499,370
500,370
501,370
502,370
503,370
504,370
505,370
506,370
507,370
508,370
509,370
510,370
511,370
499,371
500,371
501,371
502,371
503,371
504,371
505,371
506,371
507,371
508,371
509,371
510,371
511,371
500,372
501,372
502,372
503,372
504,372
505,372
506,372
507,372
508,372
509,372
510,372
502,373
503,373
504,373
505,373
506,373
507,373
508,373
505,374
505,350
502,351
503,351
504,351
505,351
506,351
507,351
508,351
500,352
501,352
502,352
503,352
504,352
505,352
506,352
507,352
508,352
509,352
510,352
499,353
500,353
501,353
502,353
503,353
504,353
505,353
506,353
507,353
508,353
509,353
510,353
511,353
499,354
500,354
501,354
502,354
503,354
504,354
505,354
506,354
507,354
508,354
509,354
510,354
511,354
498,355
499,355
500,355
501,355
502,355
503,355
504,355
505,355
506,355
507,355
508,355
509,355
510,355
511,355
512,355
498,356
499,356
500,356
501,356
502,356
503,356
504,356
505,356
506,356
507,356
508,356
509,356
510,356
511,356
512,356
498,357
499,357
500,357
501,357
502,357
503,357
504,357
505,357
506,357
507,357
508,357
509,357
510,357
511,357
512,357
497,358
498,358
499,358
500,358
501,358
502,358
503,358
504,358
505,358
506,358
507,358
508,358
509,358
510,358
511,358
512,358
513,358
497,359
498,359
499,359
500,359
501,359
502,359
503,359
504,359
505,359
506,359
507,359
508,359
509,359
510,359
511,359
512,359
513,359
497,360
498,360
499,360
500,360
501,360
502,360
503,360
504,360
505,360
506,360
507,360
508,360
509,360
510,360
511,360
512,360
513,360
497,361
498,361
499,361
500,361
501,361
502,361
503,361
504,361
505,361
506,361
507,361
508,361
509,361
510,361
511,361
512,361
513,361
497,362
498,362
499,362
500,362
501,362
502,362
503,362
504,362
505,362
506,362
507,362
508,362
509,362
510,362
511,362
512,362
513,362
498,363
499,363
500,363
501,363
502,363
503,363
504,363
505,363
506,363
507,363
508,363
509,363
510,363
511,363
512,363
498,364
499,364
500,364
501,364
502,364
503,364
504,364
505,364
506,364
507,364
508,364
509,364
510,364
511,364
512,364
498,365
499,365
500,365
501,365
502,365
503,365
504,365
505,365
506,365
507,365
508,365
509,365
510,365
511,365
512,365
499,366
500,366
501,366
502,366
503,366
504,366
505,366
506,366
507,366
508,366
509,366
510,366
511,366
499,367
500,367
501,367
502,367
503,367
504,367
505,367
506,367
507,367
508,367
509,367
510,367
511,367
500,368
501,368
502,368
503,368
504,368
505,368
506,368
507,368
508,368
509,368
510,368
502,369
503,369
504,369
505,369
506,369
507,369
508,369
505,370
